== seed1/amnesic (day, ep, first_bowl_s, near_bowl_s, eating_s, mean_bowl_dist, plant_s, pets, treats, near_person_s, bumps, wall_s)
   (0, 0, None, 0.0, 0.0, 4.09, 4.0, 0, 0, 8.8, 0, 822.6)
   (1, 1, None, 0.5, 0.0, 4.21, 0.0, 0, 0, 0.5, 0, 453.0)
   (2, 2, None, 2.2, 0.0, 3.68, 0.0, 1, 0, 16.7, 4, 460.0)
   (3, 3, None, 0.0, 0.0, 5.01, 0.0, 0, 0, 5.7, 0, 561.1)
   (4, 4, None, 0.0, 0.0, 3.77, 7.1, 0, 0, 0.0, 0, 458.2)
   (5, 5, 27.1, 19.9, 4.9, 2.36, 0.0, 2, 0, 18.4, 3, 463.0)
   (6, 6, None, 1.6, 0.0, 3.42, 0.0, 2, 1, 9.1, 1, 459.5)
   (7, 7, 20.6, 34.7, 18.6, 2.34, 0.0, 0, 0, 10.7, 1, 463.3)
   (8, 8, 83.1, 24.1, 7.4, 2.12, 0.0, 1, 0, 9.6, 1, 456.1)
   (9, 9, 29.2, 25.4, 10.0, 3.27, 12.0, 0, 0, 9.5, 4, 343.3)
   reached bowl 4/10, mean near 10.8 s, eating 4.1 s, bumps 14
== seed1/none (day, ep, first_bowl_s, near_bowl_s, eating_s, mean_bowl_dist, plant_s, pets, treats, near_person_s, bumps, wall_s)
   (0, 0, 37.2, 8.3, 2.9, 3.79, 0.0, 0, 0, 33.5, 13, 809.4)
   (1, 1, None, 0.0, 0.0, 4.36, 0.0, 0, 0, 0.1, 0, 427.5)
   (2, 2, None, 0.0, 0.0, 4.94, 0.0, 1, 0, 12.7, 5, 430.6)
   (3, 3, None, 0.0, 0.0, 5.34, 0.0, 0, 0, 1.5, 0, 399.5)
   (4, 4, 101.7, 17.8, 8.8, 3.38, 0.0, 0, 0, 3.4, 0, 409.3)
   (5, 5, 102.1, 23.6, 10.1, 2.63, 0.0, 1, 0, 20.9, 3, 438.6)
   (6, 6, None, 2.2, 0.0, 3.38, 6.5, 3, 0, 9.2, 0, 432.7)
   (7, 7, 24.1, 87.2, 43.9, 0.94, 0.0, 0, 0, 1.7, 0, 442.0)
   (8, 8, 90.5, 15.4, 3.3, 2.12, 0.0, 1, 0, 10.3, 3, 440.1)
   (9, 9, None, 0.0, 0.0, 4.27, 0.0, 0, 0, 6.0, 2, 440.9)
   reached bowl 5/10, mean near 15.5 s, eating 6.9 s, bumps 26
== seed1/v0 (day, ep, first_bowl_s, near_bowl_s, eating_s, mean_bowl_dist, plant_s, pets, treats, near_person_s, bumps, wall_s)
   (0, 0, 88.5, 10.4, 4.0, 2.88, 0.6, 0, 0, 4.7, 1, 820.1)
   (1, 1, 9.8, 63.9, 29.9, 1.81, 0.0, 2, 0, 31.9, 11, 451.2)
   (2, 2, 49.2, 32.3, 14.1, 2.19, 2.8, 1, 0, 12.1, 5, 454.0)
   (3, 3, None, 0.0, 0.0, 5.08, 0.0, 0, 0, 9.7, 5, 510.7)
   (4, 4, 40.1, 40.4, 14.1, 1.73, 0.0, 0, 1, 4.3, 5, 451.7)
   (5, 5, 11.9, 25.4, 12.5, 3.44, 0.0, 1, 0, 27.7, 16, 448.9)
   (6, 6, 55.3, 26.3, 9.2, 1.57, 0.0, 2, 1, 11.9, 4, 459.1)
   (7, 7, 18.4, 41.8, 20.6, 1.93, 0.0, 0, 0, 9.4, 2, 459.5)
   (8, 8, 36.7, 34.4, 14.8, 2.68, 7.4, 2, 0, 19.9, 8, 458.8)
   (9, 9, 9.4, 18.6, 9.3, 2.85, 5.1, 1, 0, 16.8, 14, 381.1)
   reached bowl 9/10, mean near 29.4 s, eating 12.8 s, bumps 71
== seed2/amnesic (day, ep, first_bowl_s, near_bowl_s, eating_s, mean_bowl_dist, plant_s, pets, treats, near_person_s, bumps, wall_s)
   (0, 0, 49.5, 34.3, 17.3, 2.79, 0.0, 2, 1, 18.7, 5, 821.4)
   (1, 1, None, 0.0, 0.0, 4.68, 0.0, 0, 0, 0.0, 0, 509.7)
   (2, 2, 63.5, 51.7, 26.6, 1.66, 0.0, 0, 0, 21.8, 4, 458.8)
   (3, 3, None, 0.0, 0.0, 4.91, 0.0, 1, 2, 9.6, 0, 541.8)
   (4, 4, 107.9, 10.2, 4.2, 3.49, 15.7, 1, 0, 19.3, 4, 461.3)
   (5, 5, None, 0.0, 0.0, 5.22, 0.0, 2, 1, 13.1, 0, 443.5)
   (6, 6, 12.8, 42.5, 20.3, 1.98, 3.0, 0, 0, 21.8, 1, 459.4)
   (7, 7, None, 0.0, 0.0, 3.74, 0.0, 2, 0, 13.3, 7, 456.8)
   (8, 8, None, 0.9, 0.0, 2.98, 0.0, 1, 0, 16.9, 6, 451.8)
   (9, 9, None, 0.0, 0.0, 4.05, 8.4, 0, 0, 10.7, 5, 339.8)
   reached bowl 4/10, mean near 14.0 s, eating 6.8 s, bumps 32
== seed2/none (day, ep, first_bowl_s, near_bowl_s, eating_s, mean_bowl_dist, plant_s, pets, treats, near_person_s, bumps, wall_s)
   (0, 0, None, 0.0, 0.0, 3.56, 15.3, 3, 0, 14.2, 8, 808.6)
   (1, 1, 80.1, 39.8, 18.5, 2.45, 0.0, 1, 0, 15.8, 0, 436.0)
   (2, 2, None, 0.0, 0.0, 3.17, 0.0, 1, 0, 27.8, 8, 446.7)
   (3, 3, None, 0.0, 0.0, 3.74, 0.0, 0, 2, 14.6, 4, 412.5)
   (4, 4, None, 0.0, 0.0, 3.14, 0.0, 2, 0, 19.5, 5, 413.5)
   (5, 5, None, 3.2, 0.0, 4.03, 0.0, 0, 0, 0.0, 0, 430.6)
   (6, 6, 11.3, 24.5, 10.2, 1.6, 0.0, 0, 0, 12.0, 3, 436.6)
   (7, 7, 84.0, 25.1, 13.1, 2.69, 0.0, 2, 0, 18.7, 9, 442.4)
   (8, 8, None, 0.0, 0.0, 3.35, 0.0, 0, 0, 5.2, 0, 429.9)
   (9, 9, None, 0.0, 0.0, 3.41, 0.0, 0, 0, 17.3, 8, 441.4)
   reached bowl 3/10, mean near 9.3 s, eating 4.2 s, bumps 45
== seed2/v0 (day, ep, first_bowl_s, near_bowl_s, eating_s, mean_bowl_dist, plant_s, pets, treats, near_person_s, bumps, wall_s)
   (0, 0, 49.3, 41.0, 21.8, 2.17, 0.0, 0, 0, 9.2, 3, 820.2)
   (1, 1, 12.1, 44.3, 21.6, 1.73, 0.0, 1, 0, 20.9, 6, 446.7)
   (2, 2, 40.2, 11.3, 4.4, 3.17, 0.0, 1, 0, 29.2, 10, 457.7)
   (3, 3, 25.8, 59.0, 20.6, 1.27, 0.0, 1, 1, 15.8, 5, 427.0)
   (4, 4, 6.7, 39.1, 17.3, 2.92, 4.3, 1, 0, 9.3, 5, 431.9)
   (5, 5, None, 7.8, 0.0, 3.44, 0.0, 2, 1, 7.0, 4, 468.9)
   (6, 6, 2.1, 13.5, 5.2, 2.7, 0.0, 0, 0, 22.6, 6, 458.2)
   (7, 7, None, 0.0, 0.0, 3.2, 0.0, 2, 0, 18.2, 3, 462.9)
   (8, 8, 37.3, 20.7, 9.7, 1.81, 0.0, 0, 0, 8.1, 5, 460.8)
   (9, 9, 50.9, 18.6, 6.1, 3.04, 0.0, 0, 0, 18.1, 6, 405.7)
   reached bowl 8/10, mean near 25.5 s, eating 10.7 s, bumps 53
