== amnesic (day, ep, first_bowl_s, near_bowl_s, eating_s, mean_bowl_dist, plant_s, pets, treats, near_person_s, bumps, wall_s)
   (0, 0, 30.4, 29.1, 10.9, 2.12, 0.0, 0, 0, 13.7, 2, 290.0)
   (1, 1, 119.4, 1.4, 0.5, 3.74, 0.0, 0, 0, 8.3, 2, 283.3)
   (2, 2, None, 0.0, 0.0, 4.74, 0.0, 1, 0, 25.8, 17, 279.2)
   (3, 3, None, 0.0, 0.0, 4.58, 0.0, 0, 0, 0.0, 0, 270.4)
   (4, 4, 98.0, 22.9, 11.7, 3.14, 0.0, 1, 1, 12.3, 0, 276.2)
   (5, 5, 18.1, 18.7, 9.2, 2.54, 6.8, 2, 0, 9.1, 9, 285.0)
   (6, 6, None, 3.0, 0.0, 3.48, 9.7, 2, 1, 7.4, 0, 275.1)
   (7, 7, 24.2, 38.5, 19.6, 2.1, 0.0, 0, 0, 4.0, 4, 282.1)
   (8, 8, None, 0.0, 0.0, 2.68, 0.9, 3, 0, 15.2, 1, 278.5)
   (9, 9, None, 0.0, 0.0, 4.86, 0.0, 0, 0, 0.0, 0, 256.2)
   reached bowl 5/10, mean near 11.4 s, eating 5.2 s, bumps 35
== none (day, ep, first_bowl_s, near_bowl_s, eating_s, mean_bowl_dist, plant_s, pets, treats, near_person_s, bumps, wall_s)
   (0, 0, 29.4, 27.0, 12.3, 2.0, 0.0, 0, 0, 12.4, 10, 277.8)
   (1, 1, None, 0.0, 0.0, 4.68, 0.0, 0, 0, 0.0, 0, 271.3)
   (2, 2, 54.9, 14.9, 5.5, 2.53, 0.0, 1, 0, 22.5, 5, 280.2)
   (3, 3, None, 0.0, 0.0, 5.73, 0.0, 0, 0, 1.6, 0, 262.7)
   (4, 4, None, 0.0, 0.0, 3.96, 0.0, 1, 3, 9.0, 0, 266.4)
   (5, 5, None, 0.5, 0.0, 3.7, 0.0, 0, 0, 14.2, 7, 275.8)
   (6, 6, None, 1.7, 0.0, 3.31, 0.0, 2, 0, 9.6, 5, 272.9)
   (7, 7, 51.7, 26.4, 10.6, 1.9, 0.0, 0, 0, 1.9, 0, 270.4)
   (8, 8, None, 0.0, 0.0, 3.41, 0.0, 2, 0, 15.4, 18, 268.2)
   (9, 9, None, 0.0, 0.0, 3.94, 0.0, 0, 0, 4.2, 0, 272.9)
   reached bowl 3/10, mean near 7.0 s, eating 2.8 s, bumps 45
== v0 (day, ep, first_bowl_s, near_bowl_s, eating_s, mean_bowl_dist, plant_s, pets, treats, near_person_s, bumps, wall_s)
   (0, 0, 30.4, 29.1, 10.9, 2.12, 0.0, 0, 0, 13.7, 2, 290.8)
   (1, 1, 22.0, 10.5, 4.8, 3.38, 0.0, 1, 0, 15.3, 2, 286.3)
   (2, 2, None, 5.5, 0.0, 3.5, 0.0, 1, 0, 23.7, 7, 281.2)
   (3, 3, None, 0.0, 0.0, 4.69, 0.0, 0, 0, 5.7, 0, 350.8)
   (4, 4, 58.0, 39.9, 15.2, 1.21, 0.0, 0, 0, 5.7, 4, 283.2)
   (5, 5, 14.5, 19.2, 7.1, 3.8, 0.0, 3, 0, 22.2, 12, 288.7)
   (6, 6, 40.9, 70.7, 34.7, 0.96, 0.0, 2, 0, 14.4, 8, 288.1)
   (7, 7, 17.1, 35.2, 15.6, 2.6, 0.0, 1, 0, 19.9, 7, 289.6)
   (8, 8, None, 4.0, 0.0, 2.86, 0.0, 2, 0, 40.1, 11, 292.4)
   (9, 9, None, 0.0, 0.0, 4.25, 0.0, 0, 0, 10.2, 4, 251.1)
   reached bowl 6/10, mean near 21.4 s, eating 8.8 s, bumps 57

RUN 1 (v2, before CUDA stream fix):
== amnesic (day, ep, first_bowl_s, near_bowl_s, eating_s, mean_bowl_dist, plant_s, pets, treats, near_person_s, bumps, wall_s)
   (0, 0, 37.2, 10.9, 5.1, 3.01, 0.0, 0, 0, 21.3, 0, 294.9)
   (1, 1, None, 0.0, 0.0, 4.6, 0.0, 0, 0, 2.2, 0, 316.9)
   (2, 2, None, 0.0, 0.0, 4.68, 0.0, 0, 0, 6.5, 2, 290.0)
   (3, 3, None, 0.0, 0.0, 5.04, 0.0, 1, 0, 9.6, 0, 372.0)
   (4, 4, None, 3.6, 0.0, 3.64, 13.3, 1, 2, 19.8, 9, 282.8)
   (5, 5, 20.0, 20.5, 10.7, 2.83, 5.3, 1, 0, 7.3, 1, 283.8)
   (6, 6, None, 1.1, 0.0, 1.62, 0.0, 1, 0, 18.4, 3, 282.5)
   (7, 7, 80.4, 19.1, 8.8, 2.24, 0.0, 1, 0, 19.0, 10, 285.5)
   (8, 8, None, 0.0, 0.0, 3.23, 5.6, 2, 0, 21.3, 10, 278.2)
   (9, 9, None, 0.0, 0.0, 4.11, 4.6, 0, 0, 18.4, 0, 227.4)
   reached bowl 3/10, mean near 5.5 s, eating 2.5 s, bumps 35
== none (day, ep, first_bowl_s, near_bowl_s, eating_s, mean_bowl_dist, plant_s, pets, treats, near_person_s, bumps, wall_s)
   (0, 0, 22.4, 13.0, 4.5, 3.45, 2.7, 0, 0, 6.5, 0, 266.3)
   (1, 1, None, 5.2, 0.0, 3.65, 14.9, 0, 0, 5.4, 1, 266.6)
   (2, 2, None, 0.0, 0.0, 4.63, 0.0, 1, 0, 15.0, 5, 261.4)
   (3, 3, None, 2.8, 0.0, 4.73, 0.0, 0, 0, 10.5, 6, 251.8)
   (4, 4, None, 0.0, 0.0, 4.56, 3.3, 1, 3, 25.6, 4, 249.8)
   (5, 5, None, 2.1, 0.0, 3.58, 3.2, 2, 0, 14.4, 4, 270.4)
   (6, 6, None, 0.7, 0.0, 3.01, 0.0, 2, 0, 14.4, 8, 279.6)
   (7, 7, 21.8, 14.0, 7.6, 2.88, 19.3, 0, 0, 3.9, 0, 265.5)
   (8, 8, None, 0.0, 0.0, 3.81, 3.2, 2, 0, 4.0, 0, 266.5)
   (9, 9, None, 0.0, 0.0, 4.78, 0.0, 0, 0, 0.0, 0, 260.8)
   reached bowl 2/10, mean near 3.8 s, eating 1.2 s, bumps 28
== v0 (day, ep, first_bowl_s, near_bowl_s, eating_s, mean_bowl_dist, plant_s, pets, treats, near_person_s, bumps, wall_s)
   (0, 0, 37.2, 11.4, 5.3, 3.07, 0.0, 0, 0, 21.7, 0, 287.8)
   (1, 1, 81.8, 30.8, 14.6, 3.32, 0.0, 1, 0, 13.2, 3, 277.0)
   (2, 2, 104.8, 17.4, 8.9, 3.38, 8.0, 2, 0, 28.0, 7, 272.7)
   (3, 3, None, 0.0, 0.0, 4.79, 0.0, 1, 0, 6.6, 0, 323.0)
   (4, 4, 47.4, 31.3, 16.8, 2.13, 9.0, 1, 2, 12.9, 15, 286.0)
   (5, 5, 13.8, 15.6, 8.8, 3.32, 0.0, 1, 0, 8.6, 3, 280.2)
   (6, 6, 8.5, 11.1, 5.3, 3.79, 0.0, 1, 0, 1.9, 0, 277.5)
   (7, 7, 42.7, 32.7, 17.1, 2.4, 5.0, 0, 0, 5.8, 2, 282.1)
   (8, 8, 55.1, 48.7, 22.2, 1.87, 0.4, 2, 0, 15.7, 6, 281.9)
   (9, 9, None, 0.0, 0.0, 3.34, 0.0, 0, 0, 2.3, 0, 273.9)
   reached bowl 8/10, mean near 19.9 s, eating 9.9 s, bumps 36

ORACLE (v2, before CUDA stream fix):
== attend (day, ep, first_bowl_s, near_bowl_s, eating_s, mean_bowl_dist, plant_s, pets, treats, near_person_s, bumps, wall_s)
   (0, 0, 24.7, 37.9, 23.1, 1.07, 0.0, 0, 0, 12.5, 3, 163.0)
   (1, 1, 11.8, 44.9, 26.4, 0.86, 0.0, 1, 0, 5.9, 0, 161.2)
   (2, 2, 4.2, 43.0, 26.2, 0.81, 0.0, 1, 0, 11.8, 16, 167.3)
   (3, 3, 19.9, 33.5, 17.8, 1.45, 0.0, 0, 0, 7.4, 6, 160.5)
   (4, 4, 23.2, 35.5, 18.1, 1.11, 0.0, 0, 0, 0.0, 0, 151.0)
   (5, 5, None, 0.0, 0.0, 3.8, 0.0, 1, 0, 9.3, 4, 157.2)
   reached bowl 5/6, mean near 32.5 s, eating 18.6 s, bumps 29
== both (day, ep, first_bowl_s, near_bowl_s, eating_s, mean_bowl_dist, plant_s, pets, treats, near_person_s, bumps, wall_s)
   (0, 0, 11.1, 49.8, 30.6, 0.71, 0.0, 0, 0, 13.6, 2, 162.1)
   (1, 1, 44.1, 17.0, 9.7, 2.99, 2.5, 0, 0, 3.1, 1, 162.2)
   (2, 2, 4.4, 42.0, 25.3, 0.85, 0.0, 1, 0, 11.9, 8, 170.9)
   (3, 3, 18.6, 32.2, 17.8, 1.48, 0.0, 0, 0, 14.1, 5, 159.5)
   (4, 4, 29.9, 30.7, 16.0, 0.99, 0.0, 0, 0, 0.0, 0, 152.6)
   (5, 5, 21.3, 21.2, 11.6, 1.66, 0.0, 0, 0, 0.0, 0, 155.5)
   reached bowl 6/6, mean near 32.1 s, eating 18.5 s, bumps 16
== goal (day, ep, first_bowl_s, near_bowl_s, eating_s, mean_bowl_dist, plant_s, pets, treats, near_person_s, bumps, wall_s)
   (0, 0, 38.5, 21.9, 12.9, 1.92, 0.0, 0, 0, 11.4, 0, 163.0)
   (1, 1, None, 0.0, 0.0, 3.75, 2.9, 0, 0, 1.5, 0, 162.0)
   (2, 2, 4.4, 13.9, 8.3, 3.32, 1.8, 1, 0, 11.7, 13, 162.3)
   (3, 3, None, 0.0, 0.0, 4.08, 0.0, 0, 0, 9.4, 5, 161.8)
   (4, 4, None, 3.0, 0.0, 2.71, 0.0, 0, 0, 1.9, 1, 154.7)
   (5, 5, 27.3, 14.2, 7.8, 2.1, 0.0, 1, 0, 3.8, 0, 159.0)
   reached bowl 3/6, mean near 8.8 s, eating 4.8 s, bumps 19
== none (day, ep, first_bowl_s, near_bowl_s, eating_s, mean_bowl_dist, plant_s, pets, treats, near_person_s, bumps, wall_s)
   (0, 0, 24.9, 13.0, 8.1, 2.28, 0.0, 0, 0, 16.6, 5, 159.7)
   (1, 1, None, 0.0, 0.0, 2.62, 0.0, 0, 0, 0.0, 0, 158.4)
   (2, 2, 5.2, 14.8, 7.5, 2.15, 0.0, 1, 0, 11.8, 9, 161.1)
   (3, 3, None, 0.0, 0.0, 3.46, 0.0, 1, 0, 15.7, 7, 161.2)
   (4, 4, None, 0.0, 0.0, 4.21, 0.0, 0, 0, 1.8, 0, 180.9)
   (5, 5, None, 0.0, 0.0, 5.27, 0.0, 1, 0, 5.4, 0, 150.4)
   reached bowl 2/6, mean near 4.6 s, eating 2.6 s, bumps 21
