brain merged_robot: the knife test's looks (2, 1, 0, 1, 1, 0, 1), one a second
   t (s)  look  fear level  escape command (mean of seeds; > 0.5 = escape)
    0.05  2           1.00   0.80 ################
    0.30              0.88   0.74 ###############
    0.55              0.78   0.55 ###########
    0.80              0.69   0.50 ##########
    1.05  1           0.61   0.22 ####
    1.30              0.54   0.19 ####
    1.55              0.47   0.13 ###
    1.80              0.42   0.22 ####
    2.05              0.37   0.13 ###
    2.30              0.33   0.13 ###
    2.55              0.29   0.00 
    2.80              0.25   0.00 
    3.05  1           0.25   0.00 
    3.30              0.22   0.00 
    3.55              0.20   0.00 
    3.80              0.17   0.00 
    4.05  1           0.25   0.00 
    4.30              0.22   0.00 
    4.55              0.20   0.00 
    4.80              0.17   0.00 
    5.05  0           0.15   0.00 
    5.30              0.13   0.00 
    5.55              0.12   0.00 
    5.80              0.10   0.00 
    6.05  1           0.25   0.00 
    6.30              0.22   0.00 
    6.55              0.20   0.00 
    6.80              0.17   0.00 
    7.05              0.15   0.00 
    7.30              0.13   0.00 
    7.55              0.12   0.00 
    7.80              0.10   0.00 
    8.05              0.09   0.00 
    8.30              0.08   0.00 
    8.55              0.07   0.00 
    8.80              0.06   0.00 
    9.05              0.06   0.00 
    9.30              0.00   0.00 
    9.55              0.00   0.00 
    9.80              0.00   0.00 
   10.05              0.00   0.00 
   10.30              0.00   0.00 
   10.55              0.00   0.00 
   10.80              0.00   0.00 
escape (> 0.5) in 9% of 50 ms windows over 11 s
